Math Building Level 4:

Stairs 1

37.95358938864081 , -91.77426718175411
37.95358919036457 , -91.77421445958316
37.95358225069615 , -91.77421462722123
37.95358231678823 , -91.77421295084059
37.95356361272628 , -91.77421320229769
37.953563282265776 , -91.77426709793507

Room 301

37.95356162996322 , -91.77426852285862
37.95351007810564 , -91.77426869049667
37.95351007810564 , -91.77420968189834
37.95351976060472 , -91.77420963998884
37.9535199919272 , -91.77424052730203
37.95356162996322 , -91.77424086257815


Elevator

37.95354553653464 , -91.77423503715545
37.953545404350436 , -91.77421906962991
37.9535450573668 , -91.77421904867515
37.95354500779771 , -91.77421487867832
37.953534499150386 , -91.77421496249734
37.95353443305825 , -91.77421894390136
37.95352527929817 , -91.77421902772039
37.95352521320604 , -91.77423512097448
37.95353443305825 , -91.77423512097448
37.95353453219645 , -91.77423910237849
37.9535449417056 , -91.77423897664994
37.9535449417056 , -91.77423503715545

Room 315

37.9536018800423 , -91.77420004270971
37.9536433197558 , -91.77420004270971
37.9536433197558 , -91.77415813319385
37.9536018800423 , -91.77415813319385

Room 313

37.95364351803189 , -91.77415637299418
37.95364358412392 , -91.77413483150303
37.95363717319691 , -91.774134747684
37.95363704101283 , -91.77411630749702
37.953601946134356 , -91.77411630749702
37.95360181395022 , -91.77415637299418

Room 312A

37.9536509864307 , -91.77413382567465
37.95365085424667 , -91.77409317344427
37.95363849503757 , -91.77409329917282
37.95363849503757 , -91.77409522701055
37.953636974920805 , -91.77409526892006
37.95363707405887 , -91.77410704549402
37.953638362853496 , -91.77410691976547
37.953638428945546 , -91.77412083372474
37.95363707405887 , -91.77412081276997
37.953637140150896 , -91.77413162542507
37.95363823066944 , -91.77413164637983
37.95363823066944 , -91.77413382567465

Room 312

37.95364358412392 , -91.77407171577215
37.953601747858166 , -91.77407171577215
37.953601946134356 , -91.77411069162189
37.95363704101283 , -91.77411077544093
37.953636974920805 , -91.77409208379686
37.953643650215945 , -91.77409199997783

Room 310

37.95360181395022 , -91.77407037466764
37.95364358412392 , -91.77407037466764
37.95364358412392 , -91.77402754314244
37.95360181395022 , -91.77402754314244


Room 314

37.953584828287354 , -91.7741833627224
37.953584828287354 , -91.77411630749702
37.95356176214743 , -91.77411622367798
37.95356162996322 , -91.77412628196178
37.95355039430504 , -91.77412636578083
37.95355046039717 , -91.77418344654143


Room 314A

37.95355997766066 , -91.77410272881387
37.95355997766066 , -91.77412427030504
37.95355720179228 , -91.77412418648599
37.95355720179228 , -91.77412628196178
37.95355105522616 , -91.77412644959986
37.95355112131826 , -91.77412427030504
37.953542727619634 , -91.77412427030504
37.95354285980387 , -91.77410272881387

Room 303
37.95354946901548 , -91.77418353036046
37.953517017780875 , -91.77418353036046
37.953517017780875 , -91.77411622367798
37.95354094313241 , -91.77411622367798
37.95354100922454 , -91.7741265334189
37.95354946901548 , -91.77412628196178

Room 306

37.95354946901548 , -91.77404397167264
37.953549535107584 , -91.77410080097616
37.95354094313241 , -91.77410088479517
37.953540877040304 , -91.77411085925996
37.95351714996516 , -91.77411069162189
37.953517216057314 , -91.77404422312974

Room 311

37.9535846961032 , -91.77404405549169
37.95358463001112 , -91.77411077544093
37.95356182823953 , -91.77411069162189
37.953561696055324 , -91.77410088479517
37.95355039430504 , -91.77410054951906
37.95355026212083 , -91.77404405549169

Room 309
37.95355138568671 , -91.77401354536413
37.9535905122061 , -91.77401354536413
37.9535905122061 , -91.77399845793842
37.95355138568671 , -91.77399845793842

Room 308

37.95359044611401 , -91.7739589791745
37.9535905122061 , -91.77399686537682
37.95355231097627 , -91.7739970330149
37.95355231097627 , -91.7739949375391
37.95353909255303 , -91.77399485372007
37.953539026460895 , -91.77395881153643

Stairs 2

37.953537770710554 , -91.7739589791745
37.95353783680269 , -91.77401354536413
37.95351794307087 , -91.77401346154511
37.953517744794425 , -91.77401253953576
37.95351139994859 , -91.77401245571673
37.95351153213287 , -91.77395889535546

Room 307

37.95345660953817 , -91.77406953647733
37.95350003209839 , -91.77406953647733
37.95350003209839 , -91.7740274593234
37.95345660953817 , -91.7740274593234

Room 305

37.95349989991408 , -91.77407087758183
37.953500098190545 , -91.77411060780287
37.95346321875752 , -91.77411085925996
37.953463152665336 , -91.77409208379686
37.95345660953817 , -91.7740919161588
37.95345674172256 , -91.77407062612474

Room 304A

37.95344933939621 , -91.77409308962524
37.95344933939621 , -91.77413357421756
37.95346183082152 , -91.77413390949368
37.95346186386761 , -91.77413193974644
37.95346305352704 , -91.77413177210838
37.95346298743486 , -91.77412062417716
37.95346183082152 , -91.77412066608667
37.953461929959786 , -91.77410662639886
37.95346321875752 , -91.77410666830838
37.95346321875752 , -91.77409522701055
37.953461797775425 , -91.77409522701055
37.953461797775425 , -91.77409313153476

Room 304

37.953499966006234 , -91.77415637299418
37.95350003209839 , -91.77411630749702
37.95346295438877 , -91.77411622367798
37.95346308657313 , -91.774134747684
37.95345667563038 , -91.77413466386497
37.95345674172256 , -91.7741562053561

Room 302

37.95345680781477 , -91.77419987507163
37.95349993296014 , -91.77419987507163
37.95349993296014 , -91.77415783982724
37.95345680781477 , -91.77415783982724
